input encoded with ICE : 
0b3637272a2b2e63622c2e69692a23693a2a3c6324202d623d63343c2a26226324272765272a282b2f20430a652e2c652a3124333a653e2b2027630c692b20283165286326302e27282f

byte thats encoded with ICE :
[11 54 55 39 42 43 46 99 98 44 46 105 105 42 35 105 58 42 60 99 36 32 45 98 61 99 52 60 42 38 34 99 36 39 39 101 39 42 40 43 47 32 67 10 101 46 44 101 42 49 36 51 58 101 62 43 32 39 99 12 105 43 32 40 49 101 40 99 38 48 46 39 40 47]

after being encoded to base64(format string)
CzY3JyorLmNiLC5paSojaToqPGMkIC1iPWM0PComImMkJydlJyooKy8gQwplLixlKjEkMzplPisgJ2MMaSsgKDFlKGMmMC4nKC8=

after being encoded to base64 (bytes)
[67 122 89 51 74 121 111 114 76 109 78 105 76 67 53 112 97 83 111 106 97 84 111 113 80 71 77 107 73 67 49 105 80 87 77 48 80 67 111 109 73 109 77 107 74 121 100 108 74 121 111 111 75 121 56 103 81 119 112 108 76 105 120 108 75 106 69 107 77 122 112 108 80 105 115 103 74 50 77 77 97 83 115 103 75 68 70 108 75 71 77 109 77 67 52 110 75 67 56 61]
